First Topology

Kb:  [-1377.2565833403219, -902.0418613856922, -619.1697272001508, -365.97257280863755, -62.791532686075755, 936.0514565063381, 2870.3101137717995, 6308.777846450289, 20523.506251278282, 50409.88816460829, 104716.40309839275, 331263.265310956, 808909.6845762715, 1677455.1394188653, 5301753.248123519]
Ke:  [-1627.3183649520165, -1081.0803424629175, -788.1371859522667, -575.848232521511, -375.56038117735, 145.8430272117331, 1042.336701661583, 2579.496995066399, 8836.27167461973, 21927.270653353327, 45685.540028515716, 144746.42863004666, 353571.8877874364, 733282.2295460061, 2317725.9719275557]
Kd:  [-1519.416341246553, -1006.9738775606749, -727.328384944849, -516.3348993434787, -306.1495759707976, 277.2933233824174, 1317.98810090434, 3123.5060069672386, 10510.500704118678, 25991.36864696944, 54098.52856772582, 171312.03936136758, 418416.99639513606, 867737.4232911131, 2742658.1151457876]
Kc:  [-1322.3297338129705, -849.3454350177474, -531.5272509575308, -190.3721633174169, 279.2170538077087, 1983.3904988243203, 5411.79197234483, 11570.367738469173, 37140.826892719, 90974.74376506328, 188829.51335858385, 597100.0356572617, 1457925.0353033966, 3023253.7306667003, 9555142.841988597]
Db:  16
De:  16
Dd:  16
Dc:  12


Second Topology

Kb:  [-1377.2565833403219, -902.0418613856922, -619.1697272001508, -365.97257280863755, -62.791532686075755, 936.0514565063381, 2870.3101137717995, 6308.777846450289, 20523.506251278282, 50409.88816460829, 104716.40309839275, 331263.265310956, 808909.6845762715, 1677455.1394188653, 5301753.248123519]
Ke:  [-1627.3183649520165, -1081.0803424629175, -788.1371859522667, -575.848232521511, -375.56038117735, 145.8430272117331, 1042.336701661583, 2579.496995066399, 8836.27167461973, 21927.270653353327, 45685.540028515716, 144746.42863004666, 353571.8877874364, 733282.2295460061, 2317725.9719275557]
Kd:  [-843.3255890945363, -563.4999042744239, -419.90660618758227, -327.0376102847277, -254.3359778424475, -113.73585164381562, 77.66108429475696, 377.52409461833986, 1547.2112207289504, 3960.840790123611, 8325.63534187052, 26498.255792360236, 64789.85847194015, 134408.08628642748, 424895.3461650574]
Kc:  [-1108.8842452105796, -734.0278517056217, -522.5897094727737, -351.41471931388855, -166.02242390969843, 394.40394729473303, 1438.376592252139, 3273.54538019995, 10824.185427208136, 26675.770199850005, 55468.72851649214, 175563.6432929484, 428756.8187786502, 889153.940283355, 2810305.86939808]
Db:  16
De:  16
Dd:  20
Dc:  16



Third Topology

Kb:  [-1377.2565833403219, -902.0418613856922, -619.1697272001508, -365.97257280863755, -62.791532686075755, 936.0514565063381, 2870.3101137717995, 6308.777846450289, 20523.506251278282, 50409.88816460829, 104716.40309839275, 331263.265310956, 808909.6845762715, 1677455.1394188653, 5301753.248123519]
Ke:  [-1627.3183649520165, -1081.0803424629175, -788.1371859522667, -575.848232521511, -375.56038117735, 145.8430272117331, 1042.336701661583, 2579.496995066399, 8836.27167461973, 21927.270653353327, 45685.540028515716, 144746.42863004666, 353571.8877874364, 733282.2295460061, 2317725.9719275557]
Kd:  [-843.3255890945363, -563.4999042744239, -419.90660618758227, -327.0376102847277, -254.3359778424475, -113.73585164381562, 77.66108429475696, 377.52409461833986, 1547.2112207289504, 3960.840790123611, 8325.63534187052, 26498.255792360236, 64789.85847194015, 134408.08628642748, 424895.3461650574]
Kc:  [-1322.3297338129705, -849.3454350177474, -531.5272509575308, -190.3721633174169, 279.2170538077087, 1983.3904988243203, 5411.79197234483, 11570.367738469173, 37140.826892719, 90974.74376506328, 188829.51335858385, 597100.0356572617, 1457925.0353033966, 3023253.7306667003, 9555142.841988597]
Db:  16
De:  16
Dd:  20
Dc:  12

